89 3
</s> 0.133423 0.147313 -0.127675 
, -0.109268 0.045553 0.100703 
the 0.031362 0.007044 -0.120117 
. 0.073949 -0.145213 0.041651 
' -0.025045 -0.031906 -0.110524 
s -0.062739 0.085978 0.100845 
and 0.098969 0.053248 0.051493 
cards -0.126755 -0.136525 0.165654 
christmas 0.126709 0.103002 -0.020131 
with 0.133855 -0.016500 0.024490 
of -0.004974 -0.099442 0.043742 
to -0.044581 -0.127513 0.158473 
" 0.145976 -0.036504 -0.007538 
that 0.016973 -0.121257 -0.133570 
on 0.151825 0.002101 -0.086080 
jocelyn -0.101405 -0.102549 0.056564 
prang 0.006714 0.044367 -0.140452 
initial -0.126928 -0.004333 0.038122 
success 0.084991 -0.105667 0.135986 
came 0.030899 0.037323 -0.020279 
from 0.099548 -0.076258 -0.069916 
small 0.071945 -0.025106 0.034358 
prints 0.060150 -0.136286 -0.066101 
( 0.097122 0.141062 0.131068 
including -0.101562 -0.070257 -0.030304 
first 0.066717 -0.126282 0.099930 
) 0.092926 -0.053299 -0.051717 
but -0.074610 0.140961 0.130397 
arrival -0.039327 0.140498 0.160675 
war 0.060511 0.166097 -0.103704 
he -0.051056 -0.070246 -0.096903 
began 0.093826 0.052643 0.014165 
issue -0.073120 0.050797 0.101980 
maps 0.006454 0.075989 -0.165085 
this 0.143829 0.015996 -0.061035 
single -0.069443 -0.024933 -0.097834 
mining -0.145650 -0.094569 0.142568 
project -0.058996 -0.089315 0.077245 
is -0.056793 0.158554 -0.053487 
one -0.152959 0.090525 -0.002477 
main -0.116292 0.032527 0.048065 
reasons -0.016047 0.060811 -0.131922 
for 0.029368 0.060552 -0.100301 
amazing 0.004735 -0.002024 -0.079971 
economic -0.094421 -0.156459 0.000763 
growth 0.005091 0.000326 -0.131129 
in -0.165395 -0.158218 -0.144185 
country -0.018234 0.046377 0.039474 
said -0.106079 0.166601 -0.067047 
dale -0.042455 -0.046814 0.157750 
choi -0.125458 0.038701 -0.044515 
an 0.106257 0.001353 0.142319 
analyst -0.093974 -0.086838 -0.139740 
at -0.122228 -0.106649 -0.103826 
origo 0.081472 -0.062230 0.089335 
partners 0.123001 0.045197 0.098353 
a 0.082520 0.078018 -0.118357 
private -0.114436 -0.121887 -0.004400 
equity 0.137685 -0.091222 -0.102010 
company -0.139877 0.110199 -0.139297 
advises -0.019307 0.072627 -0.153941 
investors -0.149287 0.048096 0.117488 
china 0.142141 0.071518 0.105408 
mongolia -0.104253 -0.121348 0.132492 
dec -0.092163 0.058446 0.019135 
six 0.059677 -0.039408 0.006627 
days -0.056203 -0.037552 -0.147786 
before -0.108668 0.116180 0.033513 
earnest -0.078756 -0.053065 0.083160 
close -0.117752 -0.077108 0.157811 
friend 0.141612 -0.131973 0.029032 
marcy -0.074997 0.005076 0.100225 
shepherd 0.161540 0.066218 0.137095 
who 0.104884 -0.007711 0.149165 
had 0.084544 0.158045 -0.056844 
been 0.158218 0.144297 -0.047582 
texting -0.147319 0.161087 0.029897 
her -0.069290 -0.023926 -0.024521 
all -0.128448 -0.047704 -0.014791 
day -0.164230 -0.117198 -0.040115 
became -0.031372 0.059667 0.027191 
concerned -0.020482 0.098206 0.048213 
when 0.018260 0.120570 -0.037516 
never -0.047551 -0.013784 -0.090917 
responded -0.099996 0.006749 0.144602 
messages -0.045568 -0.000692 -0.137843 
she 0.123627 -0.050674 0.098938 
sent -0.080287 -0.029836 0.003138 
evening 0.120768 -0.002874 0.147756 
